image_width: 1920
image_height: 1080
camera_name: elp_1080P_fov60
camera_matrix:
  rows: 3
  cols: 3
  data: [1500.666043, 0.000000, 978.703490, 0.000000, 1499.724628, 478.602649, 0.000000, 0.000000, 1.000000]
distortion_model: plumb_bob
distortion_coefficients:
  rows: 1
  cols: 5
  data: [0.096738, -0.188935, 0.003367, -0.000795, 0.000000]
rectification_matrix:
  rows: 3
  cols: 3
  data: [1.000000, 0.000000, 0.000000, 0.000000, 1.000000, 0.000000, 0.000000, 0.000000, 1.000000]
projection_matrix:
  rows: 3
  cols: 4
  data: [1513.428223, 0.000000, 978.068339, 0.000000, 0.000000, 1519.948975, 481.145852, 0.000000, 0.000000, 0.000000, 1.000000, 0.000000]
