image_width: 1920
image_height: 1080
camera_name: elp_1080P_fov80
camera_matrix:
  rows: 3
  cols: 3
  data: [1472.557362, 0.000000, 960.000000, 0.000000, 1469.827944, 540.000000, 0.000000, 0.000000, 1.000000]
distortion_model: plumb_bob
distortion_coefficients:
  rows: 1
  cols: 5
  data: [0.052194, -0.057829, 0.020492, -0.001850, 0.000000]
rectification_matrix:
  rows: 3
  cols: 3
  data: [1.000000, 0.000000, 0.000000, 0.000000, 1.000000, 0.000000, 0.000000, 0.000000, 1.000000]
projection_matrix:
  rows: 3
  cols: 4
  data: [1510.379395, 0.000000, 956.368976, 0.000000, 0.000000, 1498.706909, 559.990161, 0.000000, 0.000000, 0.000000, 1.000000, 0.000000]
