image_width: 1920
image_height: 1080
camera_name: elp_1080P_fov80
camera_matrix:
  rows: 3
  cols: 3
  data: [1125.243299, 0.000000, 960.000000, 0.000000, 1120.193624, 540.000000, 0.000000, 0.000000, 1.000000]
distortion_model: plumb_bob
distortion_coefficients:
  rows: 1
  cols: 5
  data: [0.010306, 0.007762, 0.010819, -0.026536, 0.000000]
rectification_matrix:
  rows: 3
  cols: 3
  data: [1.000000, 0.000000, 0.000000, 0.000000, 1.000000, 0.000000, 0.000000, 0.000000, 1.000000]
projection_matrix:
  rows: 3
  cols: 4
  data: [1144.029419, 0.000000, 893.831490, 0.000000, 0.000000, 1181.447510, 554.688626, 0.000000, 0.000000, 0.000000, 1.000000, 0.000000]
