global_lookdown_pos_gps: [49.9000085719, 8.90001593221]
global_place_channel_center_pos_gps: [49.900054833, 8.90000737603]
global_place_channel_yaw: 0.0
