global_lookdown_pos_gps: [49.8999929461, 8.90000557203]
global_place_channel_center_pos_gps: [49.900054833, 8.90000737603]
global_place_channel_yaw: 0.0
