global_lookdown_pos_gps: [35.8945981, 139.9443221]
global_place_channel_center_pos_gps: [35.895190, 139.944810]
global_place_channel_yaw: 0.1
