global_lookdown_pos_gps: [35.8951072, 139.9447312]
global_place_channel_center_pos_gps: [35.89517, 139.9447676]
global_place_channel_yaw: 0.09957663714885712
