global_lookdown_pos_gps: [24.4172996, 54.4373462]
global_place_channel_center_pos_gps: [24.4173863, 54.4373464]
global_place_channel_yaw: 0.6775615811347961
