global_lookdown_pos_gps: [24.4173335, 54.4371645]
global_place_channel_center_pos_gps: [24.4173614, 54.4373919]
global_place_channel_yaw: 0.5308817028999329
