global_lookdown_pos_gps: [24.4173102, 54.4372897]
global_place_channel_center_pos_gps: [24.4173899, 54.4373367]
global_place_channel_yaw: 0.6775615811347961
