global_lookdown_pos_gps: [24.417278, 54.4374011]
global_place_channel_center_pos_gps: [24.4173642, 54.4374117]
global_place_channel_yaw: 1.9264109134674072
