global_lookdown_pos_gps: [35.8951535, 139.9447637]
global_place_channel_center_pos_gps: [35.8951535, 139.9447637]
global_place_channel_yaw: -0.06
place_channel_length: 4.0
