global_lookdown_pos_gps: [35.8951458, 139.9447803]
global_place_channel_center_pos_gps: [35.8951458, 139.9447805]
global_place_channel_yaw: -1.5926445722579956
