global_lookdown_pos_gps: [49.8999599976, 8.90002707763]
global_place_channel_center_pos_gps: [49.90005863086878, 8.899994842401236]
global_place_channel_yaw: 0
place_channel_length: 2.0
