cover_pose: [0.7, 0.7] # to check
close_pose: [1.56, 1.56]

initial_waypoints: [[[49.9000071927, 8.89999917405, 3.0], [49.9000071927, 8.89999917405, 5.0], [49.9000777386, 8.89999917405, 5.0]]] ## simulation