cover_pose: [0.8, 0.8] # to check
close_pose: [1.56, 1.56]

# initial_waypoints: [[[49.9000071927, 8.89999917405, 3.0], [49.9000071927, 8.89999917405, 5.0]]] ## simulation
# task1_waiting_waypoint: [[[49.9000777386, 8.89999917405, 5.0]]] ## simulation

initial_waypoints: [[[3.0], [4.0]]] ## kashiwa hype playground
task1_waiting_waypoint: [[[35.8950784, 139.9446144, 5]]] ## kashiwa hype playground

initial_yaw_flag: False
initial_yaw: 1.57