global_lookdown_pos_gps: [35.8951866, 139.9448383]
global_place_channel_center_pos_gps: [35.8951916, 139.9449528]
global_place_channel_yaw: 1.943011999130249
